83.43,85.40,85.49,83.29
86.14,86.44,86.60,85.79
86.81,87.75,87.81,86.02
87.14,87.95,88.29,86.57
80.04,80.37,81.10,79.29
81.67,81.52,82.38,79.52
81.85,84.48,84.95,81.49
83.92,85.75,86.39,83.50
86.91,87.67,88.61,86.10
87.10,82.71,87.14,81.70
82.88,87.15,87.18,82.61
86.46,89.16,89.24,86.22
88.97,89.29,90.19,88.64
89.46,90.89,90.98,89.05
89.78,91.42,92.00,89.43
90.89,89.45,91.41,89.33
90.53,89.57,90.67,89.06
89.19,89.19,89.41,88.14
89.90,89.61,90.32,88.93
88.38,85.98,88.40,85.77
85.65,86.97,87.22,85.42
87.12,87.54,88.08,86.75
88.23,88.34,88.78,87.19
87.78,86.60,88.04,86.58
86.71,85.68,86.74,85.04
85.15,85.78,85.97,84.91
85.62,85.40,86.36,85.08
86.07,86.11,87.09,85.92
86.57,85.64,86.70,83.14
85.87,85.48,85.97,84.15
83.65,83.53,84.17,82.57
83.65,85.66,85.72,82.65
84.23,82.58,84.96,82.20
81.16,79.65,81.17,79.39
78.86,78.43,78.86,78.14
77.88,77.74,78.25,77.59
77.43,76.38,77.57,76.02
75.81,76.69,76.83,74.76
75.75,74.81,76.24,73.75
76.17,77.92,78.21,75.14
77.88,77.75,78.11,77.50
77.78,78.31,78.32,76.97
77.49,77.37,78.23,76.53
76.49,75.42,76.49,75.12
75.11,74.47,75.50,73.75
74.63,74.24,74.70,74.09
73.77,73.58,73.98,72.79
73.29,73.30,73.64,72.72
73.55,72.41,73.55,72.02
71.73,71.87,72.54,71.47
71.74,70.21,72.13,69.52
71.10,73.47,75.18,70.98
72.78,72.09,72.79,71.71
71.80,71.36,71.98,71.01
70.49,70.14,71.09,69.79
70.45,68.68,70.96,68.65
68.10,67.21,68.11,67.10
66.98,66.46,67.11,66.37
66.28,65.48,66.43,65.46
65.67,65.33,65.71,65.08
65.02,65.13,65.31,64.85
65.17,65.49,65.57,65.08
65.21,65.08,65.46,64.72
64.72,63.67,64.84,63.63
63.90,63.48,64.07,63.40
63.52,64.05,64.11,63.31
63.81,64.92,64.92,63.39
60.06,60.73,60.73,59.94
61.06,60.38,61.21,60.33
60.04,61.07,61.07,59.96
61.11,61.45,61.62,60.93
61.30,60.99,61.35,60.90
60.67,60.60,60.86,60.42
59.97,59.96,60.06,59.81
60.20,60.33,60.41,59.82
60.36,60.38,60.41,59.90
60.46,60.84,60.86,60.21
60.25,60.79,61.11,60.19
60.34,59.97,60.39,59.89
59.72,59.28,59.79,58.95
59.06,58.57,59.24,58.47
58.75,58.49,58.93,58.43
57.86,57.64,58.04,57.64
57.87,57.63,57.95,57.22
57.52,58.13,58.32,57.33
58.08,57.59,58.44,57.57
57.62,57.10,57.66,57.07
56.94,56.71,57.02,56.59
56.63,56.67,56.76,56.00
56.56,55.39,56.59,55.32
54.60,54.64,54.98,54.35
54.43,54.34,54.88,54.22
54.13,54.76,54.82,54.04
54.31,55.24,55.34,53.95
55.54,56.14,56.49,55.30
55.98,55.95,56.27,55.64
56.23,56.12,56.29,55.86
55.81,55.92,56.50,55.75
55.58,55.70,55.85,55.25
55.85,56.07,56.38,55.63
56.14,56.21,56.63,55.77
55.67,55.69,56.23,55.51
55.42,54.65,55.57,54.39
54.60,54.47,54.61,54.04
53.31,53.69,54.12,52.89
53.73,53.19,53.82,52.90
51.94,52.63,53.02,51.90
52.43,53.50,53.69,52.41
53.79,53.00,53.99,52.99
52.72,52.91,53.10,52.27
53.56,54.13,54.28,53.55
53.92,54.85,54.94,53.64
54.97,55.61,55.88,54.90
55.55,54.40,55.64,54.21
54.18,54.79,55.04,54.03
54.95,55.23,55.53,54.32
55.03,56.72,56.74,54.59
56.47,56.71,57.27,56.32
58.03,57.46,58.29,57.37
57.10,57.13,57.14,56.59
57.18,57.43,57.63,57.02
57.58,57.01,57.63,56.48
56.77,57.16,57.21,56.44
56.64,56.77,57.07,56.17
57.83,57.49,58.48,57.29
57.85,57.57,58.05,57.50
57.81,58.22,58.43,57.41
57.23,57.39,57.51,56.16
56.82,57.86,58.08,56.77
57.97,56.60,58.07,56.49
56.12,56.87,57.02,55.82
56.47,57.14,57.19,56.32
56.95,57.34,58.35,56.83
60.32,60.25,60.69,59.43
60.00,60.25,60.96,59.42
60.29,59.55,60.29,59.32
58.35,57.85,58.35,57.55
57.46,58.19,58.46,57.16
57.18,56.08,57.60,55.93
55.54,54.16,55.54,54.03
52.83,53.68,53.96,52.64
53.91,53.33,54.97,53.11
54.04,52.55,54.26,51.47
53.21,53.51,54.54,50.61
53.51,54.34,54.66,53.31
54.47,55.30,55.56,54.45
55.80,57.42,57.46,55.17
56.72,57.17,57.68,56.64
57.04,58.39,58.46,56.87
57.60,57.12,57.71,55.90
57.76,57.18,58.11,57.12
57.40,57.29,58.55,56.67
58.88,59.95,60.23,58.86
59.06,59.32,60.41,58.74
58.80,56.71,59.03,56.46
57.21,56.51,57.21,56.43
56.14,55.92,56.24,55.70
55.61,55.29,56.03,55.11
54.95,54.59,55.17,54.32
54.28,53.29,54.41,53.13
53.93,54.85,55.14,53.57
54.88,54.63,55.52,54.62
54.85,55.08,55.09,54.57
54.25,52.48,54.33,52.35
53.44,53.53,54.00,53.12
54.43,55.12,55.33,54.39
54.98,55.80,56.01,54.55
55.71,55.46,55.98,55.17
55.71,55.45,55.93,55.43
54.80,53.02,54.83,52.97
53.39,52.15,53.64,52.14
53.74,53.35,54.14,52.94
53.37,51.47,53.38,51.00
50.92,52.07,52.13,50.73
50.86,51.74,52.43,50.86
52.29,52.98,53.24,51.62
54.35,54.62,54.93,54.00
54.35,54.50,54.77,53.72
54.77,54.23,55.00,54.01
53.86,54.01,54.23,53.46
53.39,52.93,53.64,52.10
51.96,53.02,53.52,51.79
53.43,51.61,53.52,50.71
50.46,51.67,52.54,50.43
53.37,54.35,54.79,51.80
53.91,55.63,55.90,53.91
56.08,55.85,56.22,54.61
55.56,56.81,56.84,55.48
56.68,56.83,57.07,56.05
55.78,55.38,56.45,54.86
55.97,55.95,56.71,55.45
56.08,57.23,57.52,56.02
57.63,57.14,57.79,57.10
56.93,55.76,57.14,55.66
56.19,55.47,56.44,55.39
55.33,55.28,55.72,54.84
55.27,56.59,56.61,55.14
53.84,54.00,54.09,53.33
53.40,52.20,53.52,52.18
52.13,51.60,52.14,51.31
51.11,51.57,51.66,50.91
51.15,51.19,51.43,50.91
50.54,50.50,51.10,49.80
50.57,50.91,51.40,50.40
51.39,50.48,51.43,50.31
51.03,50.67,51.14,50.57
50.25,49.85,50.59,49.53
49.92,49.00,49.98,48.93
49.04,47.99,49.07,47.74
47.95,47.81,48.02,47.55
47.72,48.01,48.05,47.41
47.89,47.66,48.10,47.63
47.43,46.80,47.70,46.75
46.62,47.34,47.59,46.44
47.32,45.56,47.38,45.45
46.09,46.45,46.99,46.05
46.47,45.24,46.54,45.03
45.05,45.34,45.39,44.36
45.75,47.00,47.04,45.62
46.45,46.70,46.95,45.48
46.68,47.11,47.19,46.41
47.49,47.14,47.61,47.04
46.66,46.74,46.90,46.44
46.56,47.22,47.38,46.50
47.36,47.61,47.67,47.25
47.46,47.40,47.83,47.24
47.43,48.31,48.32,47.41
48.29,49.39,49.58,48.26
49.06,49.03,49.33,48.86
49.44,49.50,49.71,49.19
49.36,49.84,50.30,49.24
49.69,48.73,49.69,48.71
48.20,47.83,48.23,47.76
47.86,48.00,48.13,47.78
48.11,47.63,48.37,47.55
47.46,47.93,47.99,47.33
47.77,47.14,48.00,47.06
47.89,48.51,48.71,47.86
48.65,48.87,48.92,48.38
48.55,48.07,48.72,48.00
48.02,47.43,48.02,47.25
47.61,48.46,48.75,47.51
48.64,49.38,49.46,48.62
49.51,49.45,49.59,48.90
49.60,49.86,50.00,49.32
49.92,49.84,49.96,49.52
49.66,49.69,49.89,49.50
49.52,49.96,50.00,49.46
49.54,49.77,50.14,49.44
49.94,49.75,50.26,49.55
49.74,49.71,49.98,49.37
49.47,49.96,50.07,49.36
50.02,49.54,50.56,49.52
49.54,49.46,49.96,49.36
50.02,50.32,50.34,49.59
50.06,50.52,50.71,49.91
50.43,50.05,50.54,50.04
50.10,50.71,50.73,49.79
48.92,49.07,49.39,48.79
48.27,47.59,48.28,47.39
47.41,46.59,47.46,45.74
46.78,47.61,47.66,46.69
47.49,47.83,48.00,47.44
48.02,47.86,48.02,47.50
47.49,47.21,47.68,47.17
47.26,47.72,47.95,47.15
47.87,48.56,48.59,47.71
48.30,48.30,48.63,48.00
48.29,48.75,49.13,48.16
48.41,48.14,48.89,48.00
48.74,49.19,49.23,48.34
49.22,50.16,50.23,49.04
49.79,49.48,49.97,49.44
49.80,50.09,50.13,49.63
50.14,49.67,50.14,49.44
50.06,50.45,50.62,50.06
50.22,49.72,50.29,49.57
49.28,48.84,49.43,48.41
48.46,48.47,48.60,47.99
48.74,48.94,48.95,48.45
48.47,48.00,48.53,47.89
47.24,48.16,48.31,47.14
47.81,48.12,48.52,47.24
47.14,48.86,49.00,46.61
49.35,48.87,49.69,48.59
50.51,50.45,50.93,50.19
50.28,49.33,50.33,49.29
49.52,49.87,49.97,49.27
50.35,50.67,50.68,50.09
50.82,50.70,51.06,50.32
50.77,51.63,51.67,50.19
51.43,51.44,51.47,51.11
51.37,51.03,51.40,50.85
50.30,49.99,50.62,49.77
49.90,50.78,50.82,49.67
50.46,50.18,50.72,50.16
49.74,49.32,49.78,49.26
48.98,49.15,49.31,48.34
48.95,48.40,49.23,48.37
48.37,48.88,49.34,48.25
50.08,51.24,51.36,49.93
51.19,51.04,51.47,50.93
51.88,51.54,52.13,51.50
51.41,51.31,51.42,51.08
51.31,50.97,51.35,50.96
50.98,50.68,51.11,50.51
50.65,51.06,51.43,49.71
51.17,50.74,51.29,50.70
50.74,50.53,50.79,50.31
50.27,49.70,50.46,49.66
49.50,49.09,49.53,49.07
49.06,49.11,49.18,48.36
49.19,49.21,49.32,49.08
49.29,48.76,49.38,48.71
48.47,47.97,48.58,47.76
48.01,49.17,49.20,47.65
49.03,49.11,49.24,48.98
49.12,48.99,49.37,48.79
48.77,48.05,48.78,47.80
48.21,46.70,48.21,46.67
46.67,47.68,47.84,46.66
47.53,48.06,48.33,47.16
48.41,49.76,49.80,48.13
48.66,47.07,49.25,46.57
49.78,49.41,49.78,49.21
49.38,49.31,49.52,49.12
49.20,49.04,49.20,48.86
48.81,49.27,49.28,48.50
48.92,48.40,49.03,48.17
48.02,47.71,48.05,47.41
47.68,47.82,47.89,47.56
47.71,47.08,47.76,47.07
47.33,47.49,47.50,46.88
47.08,46.52,47.18,46.41
46.08,46.14,46.21,45.90
46.24,46.50,46.50,46.15
46.47,46.60,46.64,46.44
46.50,46.56,46.67,46.44
46.38,46.12,46.49,45.93
46.23,46.43,46.45,46.17
46.45,46.34,46.53,46.22
46.31,46.14,46.34,46.01
46.03,45.94,46.18,45.46
45.80,45.95,45.97,45.75
45.89,45.87,46.09,45.73
45.77,45.71,46.14,45.60
45.76,45.96,46.08,45.57
45.95,46.34,46.44,45.86
45.79,45.66,45.86,45.51
45.68,46.02,46.07,45.57
45.86,45.66,45.86,45.30
45.46,46.26,46.28,45.45
45.74,45.52,46.05,45.49
45.35,45.29,45.52,45.19
45.45,45.36,45.57,44.98
45.20,45.04,45.39,45.00
44.45,44.79,44.91,44.41
45.27,45.07,45.35,44.48
45.00,44.82,45.39,44.71
44.97,44.57,45.06,44.54
44.10,44.35,44.54,43.79
44.77,43.81,44.77,43.70
43.82,44.00,44.06,43.61
44.06,43.60,44.24,43.53
42.93,43.03,43.43,42.54
43.08,43.67,43.94,42.76
43.86,44.07,44.36,43.75
44.00,45.14,45.21,43.38
45.24,45.00,45.49,44.89
45.43,45.23,45.54,44.79
45.15,45.86,45.90,44.93
45.52,45.31,45.68,45.25
45.30,45.43,45.65,45.25
45.47,45.06,45.74,45.00
44.69,44.48,44.70,44.08
44.19,43.86,44.31,43.86
43.45,43.17,43.66,43.17
43.00,43.46,43.70,42.98
43.61,43.99,44.00,42.99
43.98,43.95,44.27,43.66
44.01,43.84,44.25,43.66
44.12,44.16,44.51,44.06
43.92,44.15,44.29,43.76
44.22,44.62,44.96,43.83
44.36,44.14,44.89,43.84
44.21,43.34,44.82,42.86
45.43,45.50,45.57,44.90
44.96,43.92,45.00,43.56
43.19,43.10,43.21,42.91
42.88,42.89,43.14,42.83
42.65,42.20,42.79,41.78
42.19,42.11,42.46,42.09
42.01,41.67,42.07,41.43
41.32,41.48,41.50,40.99
41.31,41.37,41.71,40.75
41.28,40.29,41.35,40.26
39.81,40.23,40.41,39.68
40.36,40.88,40.94,40.19
40.54,41.29,41.43,40.18
41.05,41.03,41.40,40.86
40.98,41.68,41.68,39.29
41.59,42.00,42.10,41.57
41.76,41.73,41.93,41.51
41.27,40.90,41.82,40.86
41.11,40.39,41.14,40.34
40.54,40.55,41.05,40.40
40.46,39.44,40.54,39.41
39.34,39.67,39.71,39.10
39.51,38.61,39.52,38.50
38.60,38.31,38.63,38.26
38.29,38.03,38.45,37.93
38.15,37.97,38.33,37.97
37.63,37.60,37.79,37.34
37.58,37.86,38.07,37.56
37.56,37.11,37.77,37.01
36.83,36.66,37.08,36.61
36.97,36.44,36.97,36.36
36.02,35.89,36.02,35.51
35.76,35.35,35.92,35.18
34.73,34.55,34.94,34.34
34.64,34.39,35.11,34.38
34.52,34.54,34.66,33.65
34.33,35.06,35.11,34.33
34.70,34.01,34.86,33.89
34.28,34.67,34.71,34.09
35.11,35.97,36.00,35.04
35.66,35.63,36.27,35.57
35.70,36.12,36.21,35.53
36.15,36.05,36.38,35.94
36.00,35.73,36.38,35.60
35.38,35.37,35.72,35.23
35.59,35.95,35.98,35.58
35.97,35.24,36.16,35.16
35.74,36.49,36.53,35.69
37.06,37.12,37.21,36.79
37.39,37.35,37.45,37.08
37.16,37.11,37.36,36.80
37.39,37.39,37.60,37.22
37.57,37.55,37.75,37.19
37.42,37.29,37.61,37.06
37.41,37.21,37.51,37.09
36.75,36.56,37.10,36.41
36.87,37.24,37.52,36.59
37.28,37.67,38.00,37.18
37.73,37.27,37.83,37.19
37.04,37.14,37.16,36.82
37.13,36.73,37.20,36.61
37.00,36.81,37.14,36.47
36.32,37.87,37.88,36.29
35.98,34.70,36.13,34.29
35.08,35.70,35.70,34.23
35.70,36.17,36.42,35.49
35.92,35.46,36.71,35.33
36.10,35.63,36.54,35.57
35.97,36.62,36.63,35.20
36.76,36.93,37.41,36.41
37.09,36.70,37.13,36.45
36.87,37.50,37.56,36.41
36.95,35.78,36.97,35.68
35.52,35.86,36.11,35.17
35.28,35.78,35.85,34.74
35.50,36.33,36.40,34.75
35.93,36.67,36.85,35.72
36.60,37.73,37.77,36.33
38.33,38.13,38.54,37.79
38.10,38.58,38.61,37.97
38.43,38.71,39.03,38.30
38.71,39.23,39.24,38.27
39.12,38.88,39.42,38.79
38.60,39.67,39.86,38.39
39.15,38.89,39.29,38.77
38.84,38.66,38.99,38.50
38.18,37.30,38.25,37.23
37.10,36.52,37.12,36.50
36.33,36.57,37.02,36.29
36.22,35.46,36.27,35.34
35.79,34.98,35.85,34.60
34.74,35.92,35.99,34.64
35.62,36.18,36.26,35.09
35.85,36.90,37.02,35.79
36.57,36.89,37.41,36.38
37.59,37.88,37.94,37.20
37.71,37.79,37.83,37.19
37.26,37.10,37.99,36.99
36.70,37.06,37.06,36.19
36.19,35.80,36.27,35.59
34.87,35.73,36.02,34.82
35.03,34.19,35.25,33.88
35.25,35.33,35.84,35.18
34.62,33.26,34.93,33.05
33.97,34.55,34.84,33.74
35.48,35.64,36.13,34.98
36.05,36.71,36.94,35.75
36.32,36.39,36.60,35.39
36.26,36.45,36.64,35.64
36.91,37.60,37.86,36.63
37.44,37.03,37.59,36.96
36.65,35.98,37.13,35.79
36.28,35.75,36.38,35.50
33.69,34.82,35.22,32.17
35.18,36.26,36.89,28.46
36.57,36.15,36.88,35.53
36.95,37.56,37.61,36.68
38.05,37.69,38.27,37.55
37.30,38.47,38.65,37.29
38.38,37.57,38.57,37.43
37.37,37.61,37.71,36.63
37.43,38.18,38.26,37.22
38.50,38.84,38.92,38.31
38.69,38.28,38.88,38.14
38.07,36.89,38.11,36.60
37.03,36.97,37.18,36.53
34.94,35.51,35.61,34.71
35.30,35.29,35.41,34.54
35.34,35.51,35.88,34.94
35.56,35.11,35.58,35.07
35.10,35.04,35.12,34.87
34.63,34.55,34.69,34.44
34.61,34.60,34.72,34.54
34.54,34.49,34.56,34.35
34.28,34.35,34.51,34.01
34.37,34.25,34.56,34.09
34.22,34.03,34.32,33.86
34.07,33.57,34.07,33.54
33.71,33.93,34.10,33.25
33.57,33.64,33.80,33.49
33.69,33.80,33.93,33.46
33.20,33.29,33.41,33.09
32.99,32.71,33.14,32.65
32.38,32.99,33.00,32.32
32.77,32.52,32.89,32.50
32.62,32.23,32.68,32.01
32.11,31.50,32.29,31.45
31.75,32.11,32.18,31.60
32.09,32.01,32.14,31.80
32.02,32.13,32.35,31.90
32.06,32.03,32.14,31.79
31.98,32.20,32.21,31.46
32.37,32.48,32.53,32.25
32.21,31.99,32.21,31.90
32.12,31.98,32.21,31.89
31.86,31.19,32.14,31.13
31.30,31.43,31.44,31.18
31.28,30.71,31.39,30.66
30.10,29.90,30.13,29.80
29.90,29.85,29.98,29.71
29.84,29.99,30.12,29.68
29.86,29.39,29.93,29.35
29.23,28.91,29.31,28.86
28.86,28.20,28.98,28.13
28.67,28.32,28.78,28.26
28.15,28.57,28.76,27.96
28.63,28.91,28.93,28.46
28.81,28.84,29.03,28.73
28.99,28.80,29.13,28.70
28.94,29.17,29.19,28.69
29.06,28.85,29.10,28.79
28.63,28.30,28.81,27.93
28.38,27.84,28.54,27.72
27.87,27.98,28.09,27.75
28.03,28.06,28.21,27.82
27.73,27.96,28.27,27.71
27.92,27.52,28.00,27.26
27.44,28.10,28.34,27.37
28.46,27.88,28.60,27.77
27.98,27.99,28.05,27.63
27.82,27.48,28.00,27.33
27.44,28.73,28.89,27.18
28.47,29.28,29.36,28.39
29.70,29.55,30.08,28.50
29.42,29.42,30.53,28.94
29.01,28.93,29.24,28.60
28.25,29.54,29.64,28.17
29.72,30.30,30.47,29.60
30.25,30.70,30.79,29.93
30.72,29.76,30.74,29.61
29.42,30.13,30.23,29.41
29.92,30.02,30.07,29.86
30.09,29.70,30.13,29.16
29.67,29.88,29.97,29.49
30.02,30.40,30.43,29.78
30.28,30.04,30.29,29.87
30.08,30.25,30.29,29.86
30.14,30.63,30.75,30.11
30.63,30.66,30.80,30.46
30.57,30.49,30.64,30.34
30.10,30.45,30.48,30.08
30.23,29.83,30.29,29.76
29.87,30.38,30.39,29.82
30.23,30.25,30.56,29.94
29.86,29.08,29.91,29.05
28.87,28.75,28.91,28.69
28.62,28.49,28.69,28.38
28.32,28.01,28.54,27.95
27.92,27.60,27.93,27.51
27.41,27.75,27.86,27.29
27.86,27.87,28.07,27.79
27.74,27.98,28.22,27.61
28.14,27.91,28.20,27.51
27.81,28.25,28.29,27.63
28.06,28.50,28.53,28.02
28.26,27.33,28.31,27.19
27.12,27.05,27.48,26.96
26.99,27.62,27.68,26.95
27.62,28.53,28.55,27.18
28.07,28.20,28.43,28.04
28.03,28.42,28.77,27.96
28.14,28.89,28.97,28.12
28.56,28.73,28.81,28.40
28.66,28.46,28.99,28.34
29.17,29.34,29.38,29.11
29.21,29.33,29.41,28.99
29.41,29.00,29.43,28.99
28.56,28.45,28.63,28.25
28.64,29.23,29.23,28.54
29.42,29.51,29.57,29.14
29.57,29.44,29.63,29.29
29.52,29.35,29.71,29.29
29.21,28.98,29.26,28.87
28.86,29.02,29.27,28.78
29.04,29.22,29.29,28.83
29.00,28.72,29.28,28.72
28.78,28.13,28.84,28.04
27.76,27.50,27.88,27.49
27.72,27.49,27.86,27.40
27.26,27.25,27.69,27.18
26.96,26.84,27.07,26.56
27.04,27.11,27.55,26.51
26.93,28.01,28.11,26.58
28.05,27.86,28.12,27.45
27.49,28.24,28.29,27.30
28.20,28.81,28.97,28.06
28.93,29.10,29.54,28.59
29.13,29.39,29.40,29.03
29.31,29.24,29.69,28.93
29.27,28.50,29.82,28.46
28.39,28.66,28.82,28.26
27.12,26.84,27.14,26.51
26.86,27.05,27.19,26.83
27.22,27.09,27.27,27.08
27.33,27.46,27.47,27.18
27.15,27.23,27.31,27.10
27.26,27.29,27.36,27.09
27.21,27.00,27.24,26.95
27.04,27.24,27.35,26.98
27.18,27.11,27.22,27.00
27.14,26.82,27.14,26.76
26.57,26.60,26.69,26.32
26.41,25.92,26.56,25.91
25.84,26.48,26.60,25.81
26.48,26.59,26.64,26.09
26.48,26.68,26.77,26.33
26.59,26.27,26.67,26.19
26.05,26.00,26.50,25.92
26.26,26.74,26.81,26.11
26.50,26.49,26.99,26.43
26.35,26.46,26.48,26.12
26.29,26.33,26.45,25.95
26.43,26.55,26.65,26.39
26.36,26.00,26.68,26.00
25.98,25.43,26.11,25.41
25.02,24.86,25.09,24.80
24.82,24.40,24.84,24.32
24.59,24.70,24.74,24.41
24.65,24.58,24.75,24.40
24.45,24.68,24.92,24.24
24.70,24.71,24.73,24.57
24.33,23.90,24.39,23.87
23.79,23.78,23.87,23.57
23.60,23.52,23.94,23.44
23.61,24.00,24.29,23.56
24.03,24.02,24.12,23.79
24.29,24.61,24.64,24.08
24.21,24.11,24.22,23.55
23.92,24.13,24.22,23.82
24.20,24.21,24.42,24.16
24.15,24.30,24.39,24.04
24.17,23.95,24.20,23.83
23.76,23.57,23.82,23.52
23.51,23.25,23.61,23.21
23.43,23.09,23.46,23.06
22.80,23.36,23.37,22.77
23.83,23.99,24.03,23.65
24.06,23.81,24.10,23.79
23.62,23.22,23.82,23.21
23.26,23.38,23.48,23.13
23.53,23.67,23.80,23.38
23.64,23.64,23.80,23.54
23.42,23.65,23.79,23.30
23.59,23.68,23.91,23.46
23.65,23.56,23.65,23.46
23.78,23.60,23.81,23.55
23.34,23.28,23.57,23.27
23.26,23.10,23.53,23.07
22.86,22.70,22.92,22.61
22.86,22.70,22.87,22.51
22.87,22.88,22.98,22.47
22.86,22.42,22.86,22.36
22.55,22.38,22.63,22.22
22.39,22.54,22.68,22.30
21.64,21.90,21.92,21.39
21.84,21.90,22.15,21.56
21.68,21.30,21.72,21.23
21.07,20.82,21.15,20.80
20.98,20.72,21.00,20.62
20.32,20.29,20.45,20.17
20.33,19.93,20.33,19.65
19.79,19.48,19.85,19.47
19.48,19.68,19.71,19.42
19.60,19.42,19.72,19.20
19.34,19.78,19.95,19.31
19.80,19.81,19.86,19.46
20.00,20.18,20.40,19.97
20.40,20.50,20.67,20.36
20.35,20.37,20.54,20.26
20.28,20.49,20.56,20.22
20.35,19.97,20.51,19.96
19.98,19.39,20.03,19.32
19.46,19.35,19.64,19.27
19.14,19.49,19.56,18.98
19.62,20.10,20.22,19.48
19.93,19.72,19.93,19.56
19.41,19.44,19.71,19.37
19.37,19.52,19.64,19.22
19.48,19.52,19.78,19.44
19.44,19.43,19.56,19.27
19.57,19.83,19.87,19.43
19.99,19.94,20.22,19.79
20.04,20.33,20.34,19.76
20.39,20.54,20.65,20.08
20.55,20.55,20.60,19.92
20.67,20.76,20.91,20.46
20.53,20.02,20.60,20.01
20.14,20.00,20.16,19.87
19.93,19.86,20.19,19.76
19.91,19.50,20.00,19.43
19.40,19.34,19.41,19.12
19.30,19.06,19.34,18.86
19.01,18.83,19.28,18.70
18.68,17.82,18.69,17.79
17.50,17.72,17.74,17.39
17.74,17.88,18.11,17.56
17.98,18.23,18.46,17.90
18.21,18.12,18.47,17.96
18.09,17.68,18.10,17.37
17.49,17.47,17.80,17.37
17.56,17.11,17.65,17.10
17.07,17.60,17.72,17.05
17.77,18.51,18.53,17.61
18.51,18.20,18.71,18.16
18.46,18.43,18.75,18.04
18.44,18.90,18.91,18.27
18.93,19.05,19.07,18.60
18.96,18.82,18.98,18.73
18.87,18.32,18.89,18.24
18.18,17.97,18.28,17.97
17.98,18.03,18.14,17.85
17.88,17.84,18.12,17.69
17.70,17.62,18.03,17.61
17.82,17.56,17.86,17.52
17.70,17.81,17.88,17.57
17.91,18.09,18.17,17.64
17.36,17.52,17.91,17.31
17.39,16.98,17.45,16.94
17.21,17.39,17.57,17.02
17.63,17.31,17.75,17.18
17.35,17.03,17.59,16.97
16.81,16.74,16.89,16.54
16.90,17.08,17.17,16.75
17.17,17.14,17.28,17.00
17.08,16.92,17.14,16.85
16.62,16.49,16.68,16.37
16.43,16.65,16.67,16.31
16.92,16.42,16.96,16.18
16.57,16.31,16.59,16.22
16.10,15.73,16.39,15.68
15.53,14.87,15.57,14.84
15.02,15.06,15.35,15.00
14.93,14.93,15.00,14.66
15.26,15.46,15.50,15.20
15.70,15.40,15.71,15.37
15.21,15.37,15.48,14.84
15.21,15.19,15.63,15.06
15.38,14.67,15.45,14.54
14.51,14.58,14.73,14.37
14.52,14.55,14.74,14.32
14.50,14.27,14.78,14.25
14.24,13.61,14.24,13.58
13.63,13.79,13.91,13.45
13.70,13.76,13.89,13.57
13.76,13.27,13.80,13.14
13.24,12.83,13.44,12.80
12.66,12.12,12.74,12.05
11.87,12.03,12.51,11.80
12.19,12.62,12.63,11.76
12.69,12.92,13.12,12.64
13.02,12.88,13.25,12.78
12.62,12.70,12.96,12.55
12.56,12.59,13.03,12.52
12.76,12.56,13.04,12.52
12.74,13.14,13.27,12.71
13.02,12.84,13.27,12.75
12.89,12.49,12.98,12.43
12.42,13.09,13.14,12.36
13.03,12.77,13.20,12.71
12.95,13.34,13.46,12.87
13.48,13.58,13.69,13.25
13.50,13.84,13.86,13.47
14.17,14.14,14.28,14.02
14.18,13.69,14.25,13.69
13.83,13.77,14.04,13.68
13.98,14.48,14.64,13.87
14.64,14.29,14.71,14.21
14.25,13.86,14.29,13.86
13.78,13.25,13.89,13.23
13.36,13.32,13.75,13.30
13.28,13.13,13.34,12.90
13.07,12.73,13.14,12.70
12.88,13.23,13.37,12.86
13.29,13.30,13.48,13.23
13.46,13.16,13.57,13.07
12.96,12.88,13.08,12.82
12.81,12.69,13.00,12.61
12.62,12.40,12.84,12.36
12.62,12.58,12.86,12.26
11.83,11.34,11.84,11.33
11.17,11.70,11.71,11.17
11.76,12.04,12.05,11.49
11.91,11.51,12.02,11.44
12.19,12.32,12.46,12.10
12.53,12.61,12.82,12.34
12.67,12.92,13.00,12.51
12.94,13.32,13.34,12.88
13.24,12.92,13.31,12.86
13.00,13.12,13.21,12.89
13.29,13.71,13.88,13.20
13.51,13.31,13.74,13.24
12.96,12.27,13.01,12.17
12.19,12.28,12.53,12.19
12.33,12.49,12.58,12.10
12.37,12.36,12.52,12.15
12.26,12.38,12.49,12.18
12.15,12.31,12.32,12.08
12.34,12.41,12.55,12.27
12.25,12.86,12.86,12.10
12.86,12.85,12.99,12.69
12.78,12.76,12.98,12.63
12.74,13.00,13.01,12.57
13.63,13.43,13.78,13.25
13.54,13.71,13.74,13.29
14.04,13.26,14.14,13.22
13.57,13.91,14.46,13.55
14.03,13.98,14.21,13.79
14.29,14.01,14.80,13.89
14.25,13.90,14.40,13.69
13.43,12.91,13.50,12.69
13.06,13.49,13.60,12.72
13.70,12.77,13.75,12.69
13.21,12.86,13.24,12.36
12.70,13.04,13.18,12.70
13.24,13.53,13.54,13.12
13.57,12.85,13.61,12.84
12.97,13.52,13.53,12.59
13.28,12.17,13.54,12.12
11.80,11.70,12.02,11.31
11.50,12.18,12.35,11.43
12.33,12.78,13.08,12.32
12.84,12.81,13.00,12.41
12.59,12.64,12.94,12.47
12.89,13.39,13.43,12.86
13.78,12.84,13.78,12.29
12.87,13.20,13.32,12.86
13.54,13.54,13.88,13.18
13.70,14.31,14.34,13.50
14.03,14.18,14.26,13.67
14.16,14.44,14.68,14.00
14.76,15.56,15.67,14.71
15.86,15.71,15.97,15.24
15.28,15.13,15.59,14.98
15.37,15.34,15.83,15.02
15.86,15.46,16.03,15.37
14.94,14.41,15.65,14.28
14.27,13.63,14.36,13.20
13.16,13.58,13.95,13.12
13.77,12.90,13.99,12.87
14.03,13.79,14.18,13.13
13.84,13.91,14.46,13.28
13.07,13.85,13.99,13.02
14.06,14.25,14.29,13.38
13.91,14.23,14.58,12.27
14.56,14.25,14.78,13.11
13.99,14.83,15.29,13.98
14.87,16.61,16.63,14.73
15.75,14.94,15.79,14.43
13.83,12.24,14.29,12.14
12.68,13.34,13.69,12.37
12.83,12.27,13.76,12.24
12.74,14.35,14.50,12.71
14.02,13.14,14.11,12.51
13.87,14.86,15.21,13.52
14.30,15.43,15.54,14.29
15.59,15.99,16.05,15.34
16.24,15.46,16.43,15.19
15.04,17.09,17.10,14.37
18.32,17.84,18.54,17.57
18.85,18.54,19.26,18.36
18.39,18.18,18.71,17.88
18.12,18.84,19.40,18.09
18.72,19.99,20.04,18.67
20.13,20.37,20.60,19.47
19.16,18.65,20.00,17.24
18.26,19.78,19.79,18.26
19.98,19.12,20.36,18.88
20.05,20.29,21.10,20.05
21.28,21.56,21.56,20.93
21.81,21.17,21.86,20.86
21.66,21.76,22.14,21.26
21.67,22.41,22.85,21.40
22.56,23.51,23.56,21.64
22.88,22.66,23.20,22.52
23.03,23.69,23.99,22.97
23.85,23.83,24.10,23.43
23.74,24.63,24.79,23.57
24.22,24.71,24.79,24.15
24.82,25.04,25.18,24.68
24.95,24.76,25.11,24.60
24.81,24.68,24.98,24.66
24.65,25.16,25.18,24.52
25.26,25.12,25.36,25.08
24.90,24.92,25.06,24.56
25.12,24.97,25.28,24.80
24.79,24.93,25.30,24.54
25.06,25.08,25.40,24.83
25.11,25.58,25.68,25.01
25.62,25.48,25.78,25.41
25.61,25.43,25.71,25.13
25.25,24.79,25.61,24.79
24.79,24.30,25.21,24.24
24.22,23.41,24.24,23.39
23.37,23.24,23.74,23.07
23.46,22.85,23.91,22.57
22.95,22.20,22.97,22.12
21.89,22.37,22.56,21.84
22.38,22.84,22.86,22.25
22.71,22.51,23.17,22.43
22.84,22.54,22.93,22.30
22.44,22.20,22.78,21.95
22.06,23.19,23.21,22.00
23.16,22.91,23.29,22.66
22.72,23.47,23.61,22.64
23.75,23.57,24.05,23.08
23.15,21.29,23.25,20.93
23.76,23.84,23.93,23.02
23.59,24.07,24.24,23.57
24.54,24.87,25.00,24.48
24.69,24.31,24.70,24.09
24.23,24.64,24.82,23.77
24.84,25.61,25.61,24.73
24.65,25.07,25.30,24.43
25.23,24.99,25.33,24.48
24.89,25.74,25.84,24.88
25.65,25.06,25.67,24.68
25.02,24.74,25.30,24.56
24.30,24.23,24.60,23.68
24.03,25.03,25.35,24.03
24.95,23.46,24.96,23.43
23.92,24.31,24.57,23.80
24.30,23.79,24.37,23.45
24.04,24.87,24.98,24.00
25.34,24.94,25.55,24.84
24.75,24.62,25.11,24.52
24.74,24.96,25.13,24.51
25.04,25.62,25.86,25.00
25.84,25.51,26.05,25.26
25.54,25.87,26.03,25.34
25.92,25.44,26.00,25.34
25.26,24.47,25.41,24.15
24.62,24.52,24.88,23.62
24.75,25.93,26.09,24.46
25.83,26.33,26.57,25.66
26.52,25.79,26.68,25.57
25.94,26.40,26.42,25.11
26.52,26.86,27.14,26.51
27.06,26.62,27.12,26.53
26.46,26.29,26.73,26.18
26.48,26.69,26.89,26.05
26.59,26.94,27.09,26.36
26.96,26.78,27.08,26.77
26.67,26.68,26.89,26.50
26.72,26.77,26.85,26.25
26.63,26.11,26.63,25.98
25.88,25.82,26.00,25.40
25.29,25.61,25.90,24.57
25.46,26.52,26.86,25.18
26.56,25.97,26.59,25.73
26.23,26.84,26.96,25.90
26.80,27.16,27.19,26.71
27.10,26.69,27.13,26.31
26.61,27.32,27.46,26.51
27.14,26.94,27.35,26.84
26.88,26.46,26.98,26.12
26.21,26.17,26.32,25.91
26.44,26.25,26.64,26.15
26.08,26.58,26.89,25.79
26.67,26.38,26.73,26.03
26.39,25.99,26.47,25.86
25.85,25.74,25.99,25.51
25.71,24.99,25.71,24.98
24.85,25.17,25.71,24.70
25.01,24.44,25.09,24.32
24.61,24.25,24.82,24.16
24.25,24.39,24.44,23.77
24.13,23.62,24.28,22.74
23.27,23.44,23.55,23.01
22.89,23.91,24.00,22.58
24.02,23.17,24.07,23.11
23.01,22.73,23.18,22.63
22.07,22.02,22.29,21.91
21.96,21.67,22.01,21.52
21.20,21.34,21.39,20.82
21.11,20.97,21.32,20.65
21.02,21.82,21.90,20.91
22.08,21.59,22.20,21.51
21.63,21.90,21.98,21.49
21.83,21.94,22.35,21.76
22.27,22.30,22.81,22.16
21.87,21.74,22.10,21.54
21.66,21.01,21.95,21.00
21.07,21.25,21.60,20.84
21.36,20.90,21.38,20.52
20.50,20.47,20.82,20.36
20.43,20.26,20.66,20.23
20.04,20.71,20.76,20.00
20.72,20.12,20.82,20.09
20.14,19.99,20.44,19.62
19.93,19.14,20.12,19.09
19.04,18.73,19.04,18.45
18.52,19.02,19.18,18.52
18.97,18.45,19.00,18.38
18.10,17.51,18.37,17.51
18.09,18.55,18.61,17.74
18.28,17.73,18.50,17.57
18.00,18.15,18.38,17.88
18.19,17.73,18.21,17.43
17.10,17.43,17.64,17.05
17.46,17.20,17.57,17.01
17.28,17.80,18.21,17.26
17.78,17.65,17.88,17.46
17.80,17.43,17.84,17.20
17.39,17.78,18.00,16.86
17.86,18.47,18.60,17.83
18.56,18.17,18.89,17.97
17.57,16.89,17.58,16.87
17.02,16.81,17.30,16.49
17.11,16.94,17.17,16.67
17.07,17.50,17.50,16.55
17.36,18.01,18.07,17.27
17.69,17.46,17.80,17.38
17.45,18.00,18.11,17.35
17.80,18.04,18.15,17.72
18.21,18.49,18.69,18.14
18.49,18.10,18.54,17.95
17.84,18.67,18.71,17.66
18.49,18.29,18.57,18.17
17.93,17.44,17.96,17.37
17.32,17.14,17.83,16.75
17.43,18.69,18.85,17.40
18.48,18.63,19.14,18.41
18.81,19.17,19.41,18.77
19.11,19.46,19.51,18.88
19.34,18.49,19.52,18.49
18.88,18.77,19.35,18.57
18.79,18.74,18.97,18.44
18.57,18.31,19.03,18.06
18.57,19.86,19.87,18.52
19.37,20.00,20.10,18.86
19.87,19.46,20.00,18.02
22.23,21.15,22.85,20.86
23.05,23.10,23.68,22.80
22.98,23.07,23.62,22.63
22.81,23.60,24.14,22.39
24.15,25.39,25.60,23.52
25.54,25.36,25.63,25.02
24.67,25.14,25.41,24.29
25.43,25.37,25.86,25.06
25.63,24.47,25.64,24.04
24.46,25.73,26.07,24.40
25.38,25.89,26.23,24.32
25.72,27.35,27.57,25.56
27.85,27.92,28.20,27.53
27.83,28.47,28.61,27.51
28.30,28.50,28.64,28.25
28.55,28.66,28.79,28.13
28.37,28.42,28.99,28.26
28.42,28.43,28.71,28.12
28.40,27.86,28.48,27.83
27.70,27.16,27.70,27.13
26.74,26.49,26.83,26.19
26.16,26.14,26.38,25.84
26.14,26.65,26.76,25.51
26.34,27.25,27.52,26.14
27.20,27.20,27.60,27.08
27.40,27.17,27.45,26.83
27.27,27.63,27.78,26.54
26.93,27.82,28.12,26.77
27.74,27.66,27.95,27.53
27.76,27.22,27.86,26.86
27.14,26.60,27.16,26.59
26.50,26.13,26.57,26.06
25.69,25.31,25.84,25.28
25.55,25.98,26.31,25.39
26.03,26.76,26.81,25.67
26.33,25.63,26.45,25.59
25.75,25.26,25.80,25.05
24.97,25.03,25.11,24.29
24.65,24.80,25.32,24.62
24.51,24.57,24.58,24.25
24.07,23.69,24.62,23.52
24.12,23.67,24.54,23.36
23.42,23.73,24.03,23.16
23.77,23.61,23.86,22.76
23.47,23.77,24.23,22.90
23.73,25.31,25.37,23.39
24.28,22.98,24.43,21.97
21.97,23.61,23.96,21.52
23.62,24.45,25.02,23.60
25.07,26.67,26.70,23.97
26.61,27.23,27.53,26.59
27.40,26.72,27.43,26.47
26.60,26.47,26.99,26.32
26.84,27.03,27.06,26.21
26.78,26.94,27.16,25.71
27.14,26.80,27.16,26.42
26.71,26.60,27.05,26.39
26.44,26.49,26.66,26.39
26.39,26.47,26.48,26.13
26.11,26.41,26.56,25.95
26.56,26.54,26.74,25.61
26.59,26.94,26.94,26.11
24.91,24.34,24.99,24.28
24.35,24.89,24.95,24.29
24.79,24.50,24.88,24.44
24.68,24.67,24.72,24.17
24.23,23.65,24.31,23.59
23.85,24.00,24.22,23.36
23.89,23.29,23.90,23.11
23.18,24.21,24.55,21.89
23.83,23.94,23.98,23.66
23.98,24.31,24.44,23.81
23.99,23.36,23.99,23.28
23.06,22.62,23.08,22.53
22.32,22.57,22.58,21.93
22.56,22.54,22.74,22.43
22.64,22.36,22.66,22.27
22.33,22.09,22.49,21.85
21.92,21.92,22.09,21.82
22.07,21.97,22.07,21.76
21.82,22.07,22.14,21.61
21.88,20.98,21.89,20.97
21.18,20.96,21.41,20.95
20.59,20.16,20.66,20.04
20.04,20.02,20.26,19.90
20.11,20.43,20.45,19.91
20.13,19.87,20.41,19.69
19.77,19.86,20.08,19.66
19.83,19.51,19.85,19.46
19.60,19.83,19.86,19.52
19.55,19.43,19.91,19.39
19.36,19.70,19.76,19.11
19.53,19.57,19.72,19.14
18.82,18.86,18.90,18.57
19.29,19.37,19.65,18.96
19.54,20.71,20.83,19.44
20.59,19.99,20.82,19.98
19.78,19.93,19.95,19.63
19.46,18.95,19.75,18.90
19.15,18.55,19.17,18.51
18.12,18.71,18.92,18.09
18.89,19.06,19.24,18.87
19.33,18.65,19.34,18.54
18.72,19.01,19.05,18.54
18.93,18.75,18.96,18.62
18.22,17.46,18.42,17.29
17.46,17.71,17.79,17.21
17.44,17.43,17.64,17.12
16.72,16.72,16.93,15.95
17.13,17.53,17.84,17.09
17.72,18.33,18.33,17.67
18.26,18.33,18.48,18.07
17.86,17.59,18.25,17.19
18.06,18.73,19.00,17.87
19.14,19.54,19.55,18.86
19.29,19.28,19.61,18.95
19.32,18.99,19.32,18.33
18.84,19.32,19.42,18.79
19.50,19.52,19.57,19.16
19.29,19.09,19.34,18.25
18.82,20.42,20.50,18.79
20.20,20.62,20.78,19.94
20.55,20.88,21.27,20.54
20.86,20.84,21.21,19.57
19.61,19.62,19.77,19.29
19.27,19.84,20.14,19.16
20.53,20.47,20.75,20.13
20.54,20.24,20.60,20.00
20.00,20.04,20.12,19.95
19.73,19.74,19.78,19.43
19.84,19.76,19.94,19.64
19.73,19.77,20.00,19.64
19.68,19.29,19.69,19.22
19.15,19.12,19.18,18.91
18.91,18.87,19.10,18.76
18.91,18.41,19.21,18.40
18.62,18.91,18.99,18.45
18.90,19.02,19.05,18.63
18.96,18.40,19.00,18.38
18.17,17.43,18.20,17.36
17.32,17.29,17.44,17.04
17.43,17.42,17.71,17.30
17.22,17.48,17.50,17.14
17.41,17.23,17.43,17.04
17.09,17.71,17.71,16.96
17.48,17.74,17.87,17.29
17.57,17.69,17.78,17.48
17.70,17.39,17.76,17.25
17.36,17.70,17.81,17.36
17.67,17.81,17.86,17.56
17.87,17.61,17.88,17.51
17.21,17.23,17.24,17.12
16.96,16.74,17.06,16.63
16.79,17.31,17.31,16.49
17.20,17.05,17.39,16.90
17.17,18.00,18.02,17.08
17.78,17.98,17.98,17.47
17.72,17.86,18.23,17.60
17.66,17.47,17.72,17.42
17.52,17.34,17.53,17.21
17.33,16.95,17.39,16.84
16.91,17.30,17.31,16.90
17.31,17.15,17.45,17.08
16.97,16.33,16.98,16.22
16.34,16.35,16.41,16.10
16.23,16.00,16.25,15.93
15.81,16.12,16.35,15.77
16.13,16.29,16.43,16.08
16.22,16.07,16.25,16.00
16.00,15.76,16.06,15.72
15.72,15.75,15.81,15.68
15.63,15.31,15.70,15.31
15.33,15.50,15.55,14.77
15.36,15.65,15.74,15.21
15.62,15.66,15.71,15.46
15.53,15.39,15.59,15.25
15.33,15.23,15.55,15.13
15.27,14.99,15.28,14.98
15.01,14.78,15.02,14.77
14.85,14.44,14.91,14.43
14.40,14.40,14.51,14.36
14.34,14.39,14.49,14.29
14.34,14.24,14.36,14.21
